{
 "cells": [
  {
   "cell_type": "code",
   "execution_count": 6,
   "id": "45696c15",
   "metadata": {},
   "outputs": [],
   "source": [
    "library(dplyr)\n",
    "library(ggplot2)"
   ]
  },
  {
   "cell_type": "code",
   "execution_count": null,
   "id": "598038e9",
   "metadata": {},
   "outputs": [],
   "source": [
    "df<- read.csv(\"SoilData.csv\", header=TRUE, stringsAsFactors=FALSE)"
   ]
  },
  {
   "cell_type": "code",
   "execution_count": 4,
   "id": "cd1dc416",
   "metadata": {},
   "outputs": [
    {
     "data": {
      "text/html": [
       "<table class=\"dataframe\">\n",
       "<caption>A data.frame: 19 × 10</caption>\n",
       "<thead>\n",
       "\t<tr><th></th><th scope=col>Sample.Site</th><th scope=col>Date</th><th scope=col>Temperature..C.</th><th scope=col>Humidity....</th><th scope=col>Conductivity</th><th scope=col>pH</th><th scope=col>N..mg.</th><th scope=col>P..mg.</th><th scope=col>K..mg.</th><th scope=col>Elevation..m.</th></tr>\n",
       "\t<tr><th></th><th scope=col>&lt;int&gt;</th><th scope=col>&lt;chr&gt;</th><th scope=col>&lt;dbl&gt;</th><th scope=col>&lt;dbl&gt;</th><th scope=col>&lt;dbl&gt;</th><th scope=col>&lt;dbl&gt;</th><th scope=col>&lt;dbl&gt;</th><th scope=col>&lt;dbl&gt;</th><th scope=col>&lt;dbl&gt;</th><th scope=col>&lt;int&gt;</th></tr>\n",
       "</thead>\n",
       "<tbody>\n",
       "\t<tr><th scope=row>1</th><td>17</td><td>7.13.24</td><td>22.50</td><td> 31.75</td><td> 58.00</td><td>6.64</td><td>3.50</td><td> 5.25</td><td>11.00</td><td> 80</td></tr>\n",
       "\t<tr><th scope=row>2</th><td>37</td><td>7.13.24</td><td>20.90</td><td> 44.25</td><td>101.75</td><td>6.69</td><td>7.00</td><td>10.00</td><td>20.25</td><td> 80</td></tr>\n",
       "\t<tr><th scope=row>3</th><td>24</td><td>7.14.24</td><td>17.63</td><td> 24.00</td><td> 20.25</td><td>5.92</td><td>0.75</td><td> 1.75</td><td> 3.50</td><td> 99</td></tr>\n",
       "\t<tr><th scope=row>4</th><td>25</td><td>7.14.24</td><td>23.95</td><td> 26.00</td><td> 19.75</td><td>6.31</td><td>1.00</td><td> 1.50</td><td> 3.50</td><td>104</td></tr>\n",
       "\t<tr><th scope=row>5</th><td>21</td><td>7.14.24</td><td>19.28</td><td> 32.00</td><td> 22.50</td><td>6.48</td><td>1.25</td><td> 1.50</td><td> 4.25</td><td>108</td></tr>\n",
       "\t<tr><th scope=row>6</th><td>11</td><td>7.13.24</td><td>22.55</td><td> 14.75</td><td>  0.00</td><td>6.60</td><td>0.00</td><td> 0.00</td><td> 0.00</td><td>213</td></tr>\n",
       "\t<tr><th scope=row>7</th><td>12</td><td>7.13.24</td><td>20.83</td><td> 21.00</td><td>  2.25</td><td>6.43</td><td>0.00</td><td> 0.00</td><td> 0.25</td><td>251</td></tr>\n",
       "\t<tr><th scope=row>8</th><td>13</td><td>7.13.24</td><td>17.38</td><td> 70.75</td><td> 82.25</td><td>6.61</td><td>5.25</td><td> 7.50</td><td>16.25</td><td>255</td></tr>\n",
       "\t<tr><th scope=row>9</th><td>15</td><td>7.13.24</td><td>19.93</td><td> 26.25</td><td>  5.00</td><td>6.29</td><td>0.00</td><td> 0.25</td><td> 0.50</td><td>252</td></tr>\n",
       "\t<tr><th scope=row>10</th><td>22</td><td>7.14.24</td><td>22.05</td><td> 41.75</td><td> 32.75</td><td>6.38</td><td>1.75</td><td> 2.75</td><td> 6.00</td><td>120</td></tr>\n",
       "\t<tr><th scope=row>11</th><td>26</td><td>7.14.24</td><td>20.50</td><td> 59.50</td><td> 26.00</td><td>6.21</td><td>1.50</td><td> 2.00</td><td> 4.75</td><td>119</td></tr>\n",
       "\t<tr><th scope=row>12</th><td> 1</td><td>7.15.24</td><td>18.70</td><td> 35.25</td><td> 12.25</td><td>6.40</td><td>0.75</td><td> 1.00</td><td> 2.25</td><td>426</td></tr>\n",
       "\t<tr><th scope=row>13</th><td> 5</td><td>7.15.24</td><td>22.43</td><td> 24.25</td><td>  4.50</td><td>6.43</td><td>0.25</td><td> 0.25</td><td> 0.75</td><td>346</td></tr>\n",
       "\t<tr><th scope=row>14</th><td> 3</td><td>7.15.24</td><td>20.25</td><td> 31.25</td><td>  9.75</td><td>6.35</td><td>0.25</td><td> 0.75</td><td> 1.75</td><td>378</td></tr>\n",
       "\t<tr><th scope=row>15</th><td> 7</td><td>7.15.24</td><td>19.43</td><td>100.00</td><td> 19.50</td><td>6.32</td><td>1.00</td><td> 1.50</td><td> 3.75</td><td>320</td></tr>\n",
       "\t<tr><th scope=row>16</th><td> 8</td><td>7.15.24</td><td>19.03</td><td> 21.00</td><td>  1.50</td><td>6.41</td><td>0.00</td><td> 0.00</td><td> 0.25</td><td>293</td></tr>\n",
       "\t<tr><th scope=row>17</th><td> 9</td><td>7.15.24</td><td>19.10</td><td> 23.25</td><td> 14.50</td><td>6.28</td><td>0.75</td><td> 1.00</td><td> 2.75</td><td>268</td></tr>\n",
       "\t<tr><th scope=row>18</th><td>10</td><td>7.15.24</td><td>19.48</td><td> 17.00</td><td>  3.00</td><td>6.58</td><td>0.00</td><td> 0.25</td><td> 0.50</td><td>162</td></tr>\n",
       "\t<tr><th scope=row>19</th><td>29</td><td>7.15.24</td><td>19.93</td><td> 18.50</td><td>  1.50</td><td>6.58</td><td>0.00</td><td> 0.00</td><td> 0.25</td><td>172</td></tr>\n",
       "</tbody>\n",
       "</table>\n"
      ],
      "text/latex": [
       "A data.frame: 19 × 10\n",
       "\\begin{tabular}{r|llllllllll}\n",
       "  & Sample.Site & Date & Temperature..C. & Humidity.... & Conductivity & pH & N..mg. & P..mg. & K..mg. & Elevation..m.\\\\\n",
       "  & <int> & <chr> & <dbl> & <dbl> & <dbl> & <dbl> & <dbl> & <dbl> & <dbl> & <int>\\\\\n",
       "\\hline\n",
       "\t1 & 17 & 7.13.24 & 22.50 &  31.75 &  58.00 & 6.64 & 3.50 &  5.25 & 11.00 &  80\\\\\n",
       "\t2 & 37 & 7.13.24 & 20.90 &  44.25 & 101.75 & 6.69 & 7.00 & 10.00 & 20.25 &  80\\\\\n",
       "\t3 & 24 & 7.14.24 & 17.63 &  24.00 &  20.25 & 5.92 & 0.75 &  1.75 &  3.50 &  99\\\\\n",
       "\t4 & 25 & 7.14.24 & 23.95 &  26.00 &  19.75 & 6.31 & 1.00 &  1.50 &  3.50 & 104\\\\\n",
       "\t5 & 21 & 7.14.24 & 19.28 &  32.00 &  22.50 & 6.48 & 1.25 &  1.50 &  4.25 & 108\\\\\n",
       "\t6 & 11 & 7.13.24 & 22.55 &  14.75 &   0.00 & 6.60 & 0.00 &  0.00 &  0.00 & 213\\\\\n",
       "\t7 & 12 & 7.13.24 & 20.83 &  21.00 &   2.25 & 6.43 & 0.00 &  0.00 &  0.25 & 251\\\\\n",
       "\t8 & 13 & 7.13.24 & 17.38 &  70.75 &  82.25 & 6.61 & 5.25 &  7.50 & 16.25 & 255\\\\\n",
       "\t9 & 15 & 7.13.24 & 19.93 &  26.25 &   5.00 & 6.29 & 0.00 &  0.25 &  0.50 & 252\\\\\n",
       "\t10 & 22 & 7.14.24 & 22.05 &  41.75 &  32.75 & 6.38 & 1.75 &  2.75 &  6.00 & 120\\\\\n",
       "\t11 & 26 & 7.14.24 & 20.50 &  59.50 &  26.00 & 6.21 & 1.50 &  2.00 &  4.75 & 119\\\\\n",
       "\t12 &  1 & 7.15.24 & 18.70 &  35.25 &  12.25 & 6.40 & 0.75 &  1.00 &  2.25 & 426\\\\\n",
       "\t13 &  5 & 7.15.24 & 22.43 &  24.25 &   4.50 & 6.43 & 0.25 &  0.25 &  0.75 & 346\\\\\n",
       "\t14 &  3 & 7.15.24 & 20.25 &  31.25 &   9.75 & 6.35 & 0.25 &  0.75 &  1.75 & 378\\\\\n",
       "\t15 &  7 & 7.15.24 & 19.43 & 100.00 &  19.50 & 6.32 & 1.00 &  1.50 &  3.75 & 320\\\\\n",
       "\t16 &  8 & 7.15.24 & 19.03 &  21.00 &   1.50 & 6.41 & 0.00 &  0.00 &  0.25 & 293\\\\\n",
       "\t17 &  9 & 7.15.24 & 19.10 &  23.25 &  14.50 & 6.28 & 0.75 &  1.00 &  2.75 & 268\\\\\n",
       "\t18 & 10 & 7.15.24 & 19.48 &  17.00 &   3.00 & 6.58 & 0.00 &  0.25 &  0.50 & 162\\\\\n",
       "\t19 & 29 & 7.15.24 & 19.93 &  18.50 &   1.50 & 6.58 & 0.00 &  0.00 &  0.25 & 172\\\\\n",
       "\\end{tabular}\n"
      ],
      "text/markdown": [
       "\n",
       "A data.frame: 19 × 10\n",
       "\n",
       "| <!--/--> | Sample.Site &lt;int&gt; | Date &lt;chr&gt; | Temperature..C. &lt;dbl&gt; | Humidity.... &lt;dbl&gt; | Conductivity &lt;dbl&gt; | pH &lt;dbl&gt; | N..mg. &lt;dbl&gt; | P..mg. &lt;dbl&gt; | K..mg. &lt;dbl&gt; | Elevation..m. &lt;int&gt; |\n",
       "|---|---|---|---|---|---|---|---|---|---|---|\n",
       "| 1 | 17 | 7.13.24 | 22.50 |  31.75 |  58.00 | 6.64 | 3.50 |  5.25 | 11.00 |  80 |\n",
       "| 2 | 37 | 7.13.24 | 20.90 |  44.25 | 101.75 | 6.69 | 7.00 | 10.00 | 20.25 |  80 |\n",
       "| 3 | 24 | 7.14.24 | 17.63 |  24.00 |  20.25 | 5.92 | 0.75 |  1.75 |  3.50 |  99 |\n",
       "| 4 | 25 | 7.14.24 | 23.95 |  26.00 |  19.75 | 6.31 | 1.00 |  1.50 |  3.50 | 104 |\n",
       "| 5 | 21 | 7.14.24 | 19.28 |  32.00 |  22.50 | 6.48 | 1.25 |  1.50 |  4.25 | 108 |\n",
       "| 6 | 11 | 7.13.24 | 22.55 |  14.75 |   0.00 | 6.60 | 0.00 |  0.00 |  0.00 | 213 |\n",
       "| 7 | 12 | 7.13.24 | 20.83 |  21.00 |   2.25 | 6.43 | 0.00 |  0.00 |  0.25 | 251 |\n",
       "| 8 | 13 | 7.13.24 | 17.38 |  70.75 |  82.25 | 6.61 | 5.25 |  7.50 | 16.25 | 255 |\n",
       "| 9 | 15 | 7.13.24 | 19.93 |  26.25 |   5.00 | 6.29 | 0.00 |  0.25 |  0.50 | 252 |\n",
       "| 10 | 22 | 7.14.24 | 22.05 |  41.75 |  32.75 | 6.38 | 1.75 |  2.75 |  6.00 | 120 |\n",
       "| 11 | 26 | 7.14.24 | 20.50 |  59.50 |  26.00 | 6.21 | 1.50 |  2.00 |  4.75 | 119 |\n",
       "| 12 |  1 | 7.15.24 | 18.70 |  35.25 |  12.25 | 6.40 | 0.75 |  1.00 |  2.25 | 426 |\n",
       "| 13 |  5 | 7.15.24 | 22.43 |  24.25 |   4.50 | 6.43 | 0.25 |  0.25 |  0.75 | 346 |\n",
       "| 14 |  3 | 7.15.24 | 20.25 |  31.25 |   9.75 | 6.35 | 0.25 |  0.75 |  1.75 | 378 |\n",
       "| 15 |  7 | 7.15.24 | 19.43 | 100.00 |  19.50 | 6.32 | 1.00 |  1.50 |  3.75 | 320 |\n",
       "| 16 |  8 | 7.15.24 | 19.03 |  21.00 |   1.50 | 6.41 | 0.00 |  0.00 |  0.25 | 293 |\n",
       "| 17 |  9 | 7.15.24 | 19.10 |  23.25 |  14.50 | 6.28 | 0.75 |  1.00 |  2.75 | 268 |\n",
       "| 18 | 10 | 7.15.24 | 19.48 |  17.00 |   3.00 | 6.58 | 0.00 |  0.25 |  0.50 | 162 |\n",
       "| 19 | 29 | 7.15.24 | 19.93 |  18.50 |   1.50 | 6.58 | 0.00 |  0.00 |  0.25 | 172 |\n",
       "\n"
      ],
      "text/plain": [
       "   Sample.Site Date    Temperature..C. Humidity.... Conductivity pH   N..mg.\n",
       "1  17          7.13.24 22.50            31.75        58.00       6.64 3.50  \n",
       "2  37          7.13.24 20.90            44.25       101.75       6.69 7.00  \n",
       "3  24          7.14.24 17.63            24.00        20.25       5.92 0.75  \n",
       "4  25          7.14.24 23.95            26.00        19.75       6.31 1.00  \n",
       "5  21          7.14.24 19.28            32.00        22.50       6.48 1.25  \n",
       "6  11          7.13.24 22.55            14.75         0.00       6.60 0.00  \n",
       "7  12          7.13.24 20.83            21.00         2.25       6.43 0.00  \n",
       "8  13          7.13.24 17.38            70.75        82.25       6.61 5.25  \n",
       "9  15          7.13.24 19.93            26.25         5.00       6.29 0.00  \n",
       "10 22          7.14.24 22.05            41.75        32.75       6.38 1.75  \n",
       "11 26          7.14.24 20.50            59.50        26.00       6.21 1.50  \n",
       "12  1          7.15.24 18.70            35.25        12.25       6.40 0.75  \n",
       "13  5          7.15.24 22.43            24.25         4.50       6.43 0.25  \n",
       "14  3          7.15.24 20.25            31.25         9.75       6.35 0.25  \n",
       "15  7          7.15.24 19.43           100.00        19.50       6.32 1.00  \n",
       "16  8          7.15.24 19.03            21.00         1.50       6.41 0.00  \n",
       "17  9          7.15.24 19.10            23.25        14.50       6.28 0.75  \n",
       "18 10          7.15.24 19.48            17.00         3.00       6.58 0.00  \n",
       "19 29          7.15.24 19.93            18.50         1.50       6.58 0.00  \n",
       "   P..mg. K..mg. Elevation..m.\n",
       "1   5.25  11.00   80          \n",
       "2  10.00  20.25   80          \n",
       "3   1.75   3.50   99          \n",
       "4   1.50   3.50  104          \n",
       "5   1.50   4.25  108          \n",
       "6   0.00   0.00  213          \n",
       "7   0.00   0.25  251          \n",
       "8   7.50  16.25  255          \n",
       "9   0.25   0.50  252          \n",
       "10  2.75   6.00  120          \n",
       "11  2.00   4.75  119          \n",
       "12  1.00   2.25  426          \n",
       "13  0.25   0.75  346          \n",
       "14  0.75   1.75  378          \n",
       "15  1.50   3.75  320          \n",
       "16  0.00   0.25  293          \n",
       "17  1.00   2.75  268          \n",
       "18  0.25   0.50  162          \n",
       "19  0.00   0.25  172          "
      ]
     },
     "metadata": {},
     "output_type": "display_data"
    }
   ],
   "source": [
    "head(df, n = Inf)"
   ]
  },
  {
   "cell_type": "code",
   "execution_count": 5,
   "id": "54dbd9ba",
   "metadata": {},
   "outputs": [],
   "source": [
    "df_arranged <- arrange(df, Elevation..m.)"
   ]
  },
  {
   "cell_type": "code",
   "execution_count": 6,
   "id": "17c018f4",
   "metadata": {},
   "outputs": [
    {
     "data": {
      "text/html": [
       "<table class=\"dataframe\">\n",
       "<caption>A data.frame: 19 × 10</caption>\n",
       "<thead>\n",
       "\t<tr><th scope=col>Sample.Site</th><th scope=col>Date</th><th scope=col>Temperature..C.</th><th scope=col>Humidity....</th><th scope=col>Conductivity</th><th scope=col>pH</th><th scope=col>N..mg.</th><th scope=col>P..mg.</th><th scope=col>K..mg.</th><th scope=col>Elevation..m.</th></tr>\n",
       "\t<tr><th scope=col>&lt;int&gt;</th><th scope=col>&lt;chr&gt;</th><th scope=col>&lt;dbl&gt;</th><th scope=col>&lt;dbl&gt;</th><th scope=col>&lt;dbl&gt;</th><th scope=col>&lt;dbl&gt;</th><th scope=col>&lt;dbl&gt;</th><th scope=col>&lt;dbl&gt;</th><th scope=col>&lt;dbl&gt;</th><th scope=col>&lt;int&gt;</th></tr>\n",
       "</thead>\n",
       "<tbody>\n",
       "\t<tr><td>17</td><td>7.13.24</td><td>22.50</td><td> 31.75</td><td> 58.00</td><td>6.64</td><td>3.50</td><td> 5.25</td><td>11.00</td><td> 80</td></tr>\n",
       "\t<tr><td>37</td><td>7.13.24</td><td>20.90</td><td> 44.25</td><td>101.75</td><td>6.69</td><td>7.00</td><td>10.00</td><td>20.25</td><td> 80</td></tr>\n",
       "\t<tr><td>24</td><td>7.14.24</td><td>17.63</td><td> 24.00</td><td> 20.25</td><td>5.92</td><td>0.75</td><td> 1.75</td><td> 3.50</td><td> 99</td></tr>\n",
       "\t<tr><td>25</td><td>7.14.24</td><td>23.95</td><td> 26.00</td><td> 19.75</td><td>6.31</td><td>1.00</td><td> 1.50</td><td> 3.50</td><td>104</td></tr>\n",
       "\t<tr><td>21</td><td>7.14.24</td><td>19.28</td><td> 32.00</td><td> 22.50</td><td>6.48</td><td>1.25</td><td> 1.50</td><td> 4.25</td><td>108</td></tr>\n",
       "\t<tr><td>26</td><td>7.14.24</td><td>20.50</td><td> 59.50</td><td> 26.00</td><td>6.21</td><td>1.50</td><td> 2.00</td><td> 4.75</td><td>119</td></tr>\n",
       "\t<tr><td>22</td><td>7.14.24</td><td>22.05</td><td> 41.75</td><td> 32.75</td><td>6.38</td><td>1.75</td><td> 2.75</td><td> 6.00</td><td>120</td></tr>\n",
       "\t<tr><td>10</td><td>7.15.24</td><td>19.48</td><td> 17.00</td><td>  3.00</td><td>6.58</td><td>0.00</td><td> 0.25</td><td> 0.50</td><td>162</td></tr>\n",
       "\t<tr><td>29</td><td>7.15.24</td><td>19.93</td><td> 18.50</td><td>  1.50</td><td>6.58</td><td>0.00</td><td> 0.00</td><td> 0.25</td><td>172</td></tr>\n",
       "\t<tr><td>11</td><td>7.13.24</td><td>22.55</td><td> 14.75</td><td>  0.00</td><td>6.60</td><td>0.00</td><td> 0.00</td><td> 0.00</td><td>213</td></tr>\n",
       "\t<tr><td>12</td><td>7.13.24</td><td>20.83</td><td> 21.00</td><td>  2.25</td><td>6.43</td><td>0.00</td><td> 0.00</td><td> 0.25</td><td>251</td></tr>\n",
       "\t<tr><td>15</td><td>7.13.24</td><td>19.93</td><td> 26.25</td><td>  5.00</td><td>6.29</td><td>0.00</td><td> 0.25</td><td> 0.50</td><td>252</td></tr>\n",
       "\t<tr><td>13</td><td>7.13.24</td><td>17.38</td><td> 70.75</td><td> 82.25</td><td>6.61</td><td>5.25</td><td> 7.50</td><td>16.25</td><td>255</td></tr>\n",
       "\t<tr><td> 9</td><td>7.15.24</td><td>19.10</td><td> 23.25</td><td> 14.50</td><td>6.28</td><td>0.75</td><td> 1.00</td><td> 2.75</td><td>268</td></tr>\n",
       "\t<tr><td> 8</td><td>7.15.24</td><td>19.03</td><td> 21.00</td><td>  1.50</td><td>6.41</td><td>0.00</td><td> 0.00</td><td> 0.25</td><td>293</td></tr>\n",
       "\t<tr><td> 7</td><td>7.15.24</td><td>19.43</td><td>100.00</td><td> 19.50</td><td>6.32</td><td>1.00</td><td> 1.50</td><td> 3.75</td><td>320</td></tr>\n",
       "\t<tr><td> 5</td><td>7.15.24</td><td>22.43</td><td> 24.25</td><td>  4.50</td><td>6.43</td><td>0.25</td><td> 0.25</td><td> 0.75</td><td>346</td></tr>\n",
       "\t<tr><td> 3</td><td>7.15.24</td><td>20.25</td><td> 31.25</td><td>  9.75</td><td>6.35</td><td>0.25</td><td> 0.75</td><td> 1.75</td><td>378</td></tr>\n",
       "\t<tr><td> 1</td><td>7.15.24</td><td>18.70</td><td> 35.25</td><td> 12.25</td><td>6.40</td><td>0.75</td><td> 1.00</td><td> 2.25</td><td>426</td></tr>\n",
       "</tbody>\n",
       "</table>\n"
      ],
      "text/latex": [
       "A data.frame: 19 × 10\n",
       "\\begin{tabular}{llllllllll}\n",
       " Sample.Site & Date & Temperature..C. & Humidity.... & Conductivity & pH & N..mg. & P..mg. & K..mg. & Elevation..m.\\\\\n",
       " <int> & <chr> & <dbl> & <dbl> & <dbl> & <dbl> & <dbl> & <dbl> & <dbl> & <int>\\\\\n",
       "\\hline\n",
       "\t 17 & 7.13.24 & 22.50 &  31.75 &  58.00 & 6.64 & 3.50 &  5.25 & 11.00 &  80\\\\\n",
       "\t 37 & 7.13.24 & 20.90 &  44.25 & 101.75 & 6.69 & 7.00 & 10.00 & 20.25 &  80\\\\\n",
       "\t 24 & 7.14.24 & 17.63 &  24.00 &  20.25 & 5.92 & 0.75 &  1.75 &  3.50 &  99\\\\\n",
       "\t 25 & 7.14.24 & 23.95 &  26.00 &  19.75 & 6.31 & 1.00 &  1.50 &  3.50 & 104\\\\\n",
       "\t 21 & 7.14.24 & 19.28 &  32.00 &  22.50 & 6.48 & 1.25 &  1.50 &  4.25 & 108\\\\\n",
       "\t 26 & 7.14.24 & 20.50 &  59.50 &  26.00 & 6.21 & 1.50 &  2.00 &  4.75 & 119\\\\\n",
       "\t 22 & 7.14.24 & 22.05 &  41.75 &  32.75 & 6.38 & 1.75 &  2.75 &  6.00 & 120\\\\\n",
       "\t 10 & 7.15.24 & 19.48 &  17.00 &   3.00 & 6.58 & 0.00 &  0.25 &  0.50 & 162\\\\\n",
       "\t 29 & 7.15.24 & 19.93 &  18.50 &   1.50 & 6.58 & 0.00 &  0.00 &  0.25 & 172\\\\\n",
       "\t 11 & 7.13.24 & 22.55 &  14.75 &   0.00 & 6.60 & 0.00 &  0.00 &  0.00 & 213\\\\\n",
       "\t 12 & 7.13.24 & 20.83 &  21.00 &   2.25 & 6.43 & 0.00 &  0.00 &  0.25 & 251\\\\\n",
       "\t 15 & 7.13.24 & 19.93 &  26.25 &   5.00 & 6.29 & 0.00 &  0.25 &  0.50 & 252\\\\\n",
       "\t 13 & 7.13.24 & 17.38 &  70.75 &  82.25 & 6.61 & 5.25 &  7.50 & 16.25 & 255\\\\\n",
       "\t  9 & 7.15.24 & 19.10 &  23.25 &  14.50 & 6.28 & 0.75 &  1.00 &  2.75 & 268\\\\\n",
       "\t  8 & 7.15.24 & 19.03 &  21.00 &   1.50 & 6.41 & 0.00 &  0.00 &  0.25 & 293\\\\\n",
       "\t  7 & 7.15.24 & 19.43 & 100.00 &  19.50 & 6.32 & 1.00 &  1.50 &  3.75 & 320\\\\\n",
       "\t  5 & 7.15.24 & 22.43 &  24.25 &   4.50 & 6.43 & 0.25 &  0.25 &  0.75 & 346\\\\\n",
       "\t  3 & 7.15.24 & 20.25 &  31.25 &   9.75 & 6.35 & 0.25 &  0.75 &  1.75 & 378\\\\\n",
       "\t  1 & 7.15.24 & 18.70 &  35.25 &  12.25 & 6.40 & 0.75 &  1.00 &  2.25 & 426\\\\\n",
       "\\end{tabular}\n"
      ],
      "text/markdown": [
       "\n",
       "A data.frame: 19 × 10\n",
       "\n",
       "| Sample.Site &lt;int&gt; | Date &lt;chr&gt; | Temperature..C. &lt;dbl&gt; | Humidity.... &lt;dbl&gt; | Conductivity &lt;dbl&gt; | pH &lt;dbl&gt; | N..mg. &lt;dbl&gt; | P..mg. &lt;dbl&gt; | K..mg. &lt;dbl&gt; | Elevation..m. &lt;int&gt; |\n",
       "|---|---|---|---|---|---|---|---|---|---|\n",
       "| 17 | 7.13.24 | 22.50 |  31.75 |  58.00 | 6.64 | 3.50 |  5.25 | 11.00 |  80 |\n",
       "| 37 | 7.13.24 | 20.90 |  44.25 | 101.75 | 6.69 | 7.00 | 10.00 | 20.25 |  80 |\n",
       "| 24 | 7.14.24 | 17.63 |  24.00 |  20.25 | 5.92 | 0.75 |  1.75 |  3.50 |  99 |\n",
       "| 25 | 7.14.24 | 23.95 |  26.00 |  19.75 | 6.31 | 1.00 |  1.50 |  3.50 | 104 |\n",
       "| 21 | 7.14.24 | 19.28 |  32.00 |  22.50 | 6.48 | 1.25 |  1.50 |  4.25 | 108 |\n",
       "| 26 | 7.14.24 | 20.50 |  59.50 |  26.00 | 6.21 | 1.50 |  2.00 |  4.75 | 119 |\n",
       "| 22 | 7.14.24 | 22.05 |  41.75 |  32.75 | 6.38 | 1.75 |  2.75 |  6.00 | 120 |\n",
       "| 10 | 7.15.24 | 19.48 |  17.00 |   3.00 | 6.58 | 0.00 |  0.25 |  0.50 | 162 |\n",
       "| 29 | 7.15.24 | 19.93 |  18.50 |   1.50 | 6.58 | 0.00 |  0.00 |  0.25 | 172 |\n",
       "| 11 | 7.13.24 | 22.55 |  14.75 |   0.00 | 6.60 | 0.00 |  0.00 |  0.00 | 213 |\n",
       "| 12 | 7.13.24 | 20.83 |  21.00 |   2.25 | 6.43 | 0.00 |  0.00 |  0.25 | 251 |\n",
       "| 15 | 7.13.24 | 19.93 |  26.25 |   5.00 | 6.29 | 0.00 |  0.25 |  0.50 | 252 |\n",
       "| 13 | 7.13.24 | 17.38 |  70.75 |  82.25 | 6.61 | 5.25 |  7.50 | 16.25 | 255 |\n",
       "|  9 | 7.15.24 | 19.10 |  23.25 |  14.50 | 6.28 | 0.75 |  1.00 |  2.75 | 268 |\n",
       "|  8 | 7.15.24 | 19.03 |  21.00 |   1.50 | 6.41 | 0.00 |  0.00 |  0.25 | 293 |\n",
       "|  7 | 7.15.24 | 19.43 | 100.00 |  19.50 | 6.32 | 1.00 |  1.50 |  3.75 | 320 |\n",
       "|  5 | 7.15.24 | 22.43 |  24.25 |   4.50 | 6.43 | 0.25 |  0.25 |  0.75 | 346 |\n",
       "|  3 | 7.15.24 | 20.25 |  31.25 |   9.75 | 6.35 | 0.25 |  0.75 |  1.75 | 378 |\n",
       "|  1 | 7.15.24 | 18.70 |  35.25 |  12.25 | 6.40 | 0.75 |  1.00 |  2.25 | 426 |\n",
       "\n"
      ],
      "text/plain": [
       "   Sample.Site Date    Temperature..C. Humidity.... Conductivity pH   N..mg.\n",
       "1  17          7.13.24 22.50            31.75        58.00       6.64 3.50  \n",
       "2  37          7.13.24 20.90            44.25       101.75       6.69 7.00  \n",
       "3  24          7.14.24 17.63            24.00        20.25       5.92 0.75  \n",
       "4  25          7.14.24 23.95            26.00        19.75       6.31 1.00  \n",
       "5  21          7.14.24 19.28            32.00        22.50       6.48 1.25  \n",
       "6  26          7.14.24 20.50            59.50        26.00       6.21 1.50  \n",
       "7  22          7.14.24 22.05            41.75        32.75       6.38 1.75  \n",
       "8  10          7.15.24 19.48            17.00         3.00       6.58 0.00  \n",
       "9  29          7.15.24 19.93            18.50         1.50       6.58 0.00  \n",
       "10 11          7.13.24 22.55            14.75         0.00       6.60 0.00  \n",
       "11 12          7.13.24 20.83            21.00         2.25       6.43 0.00  \n",
       "12 15          7.13.24 19.93            26.25         5.00       6.29 0.00  \n",
       "13 13          7.13.24 17.38            70.75        82.25       6.61 5.25  \n",
       "14  9          7.15.24 19.10            23.25        14.50       6.28 0.75  \n",
       "15  8          7.15.24 19.03            21.00         1.50       6.41 0.00  \n",
       "16  7          7.15.24 19.43           100.00        19.50       6.32 1.00  \n",
       "17  5          7.15.24 22.43            24.25         4.50       6.43 0.25  \n",
       "18  3          7.15.24 20.25            31.25         9.75       6.35 0.25  \n",
       "19  1          7.15.24 18.70            35.25        12.25       6.40 0.75  \n",
       "   P..mg. K..mg. Elevation..m.\n",
       "1   5.25  11.00   80          \n",
       "2  10.00  20.25   80          \n",
       "3   1.75   3.50   99          \n",
       "4   1.50   3.50  104          \n",
       "5   1.50   4.25  108          \n",
       "6   2.00   4.75  119          \n",
       "7   2.75   6.00  120          \n",
       "8   0.25   0.50  162          \n",
       "9   0.00   0.25  172          \n",
       "10  0.00   0.00  213          \n",
       "11  0.00   0.25  251          \n",
       "12  0.25   0.50  252          \n",
       "13  7.50  16.25  255          \n",
       "14  1.00   2.75  268          \n",
       "15  0.00   0.25  293          \n",
       "16  1.50   3.75  320          \n",
       "17  0.25   0.75  346          \n",
       "18  0.75   1.75  378          \n",
       "19  1.00   2.25  426          "
      ]
     },
     "metadata": {},
     "output_type": "display_data"
    }
   ],
   "source": [
    "# 7 has weird humidity value & 13 has really high conductivity value\n",
    "\n",
    "df_arranged"
   ]
  },
  {
   "cell_type": "code",
   "execution_count": 7,
   "id": "31d52144",
   "metadata": {},
   "outputs": [
    {
     "data": {
      "image/png": "iVBORw0KGgoAAAANSUhEUgAAA0gAAANICAMAAADKOT/pAAAC5VBMVEUAAAABAQECAgIDAwME\nBAQFBQUGBgYHBwcICAgJCQkKCgoLCwsMDAwNDQ0ODg4PDw8QEBARERESEhITExMUFBQVFRUW\nFhYXFxcYGBgZGRkaGhobGxscHBwdHR0eHh4fHx8gICAhISEiIiIjIyMkJCQlJSUmJiYnJycp\nKSkqKiorKyssLCwtLS0uLi4vLy8xMTEyMjIzMzM0NDQ1NTU2NjY4ODg7Ozs8PDw9PT0+Pj4/\nPz9AQEBBQUFCQkJDQ0NERERGRkZHR0dJSUlKSkpLS0tMTExNTU1OTk5PT09QUFBRUVFSUlJT\nU1NUVFRVVVVWVlZXV1dYWFhZWVlaWlpbW1tcXFxdXV1eXl5fX19gYGBhYWFiYmJjY2NkZGRl\nZWVmZmZnZ2doaGhpaWlqampra2tsbGxtbW1ubm5vb29wcHBxcXFycnJzc3N0dHR1dXV2dnZ3\nd3d4eHh5eXl6enp7e3t8fHx9fX1+fn5/f3+AgICBgYGCgoKDg4OEhISFhYWGhoaHh4eIiIiJ\niYmKioqLi4uMjIyNjY2Ojo6Pj4+QkJCRkZGSkpKTk5OUlJSVlZWWlpaXl5eYmJiZmZmampqb\nm5ucnJydnZ2fn5+goKChoaGioqKkpKSlpaWmpqanp6eoqKipqamqqqqrq6usrKytra2urq6v\nr6+wsLCxsbGysrKzs7O0tLS1tbW2tra3t7e4uLi5ubm6urq7u7u8vLy9vb2+vr6/v7/AwMDB\nwcHCwsLDw8PExMTFxcXGxsbHx8fIyMjJycnKysrLy8vMzMzNzc3Ozs7Pz8/Q0NDR0dHS0tLT\n09PU1NTV1dXW1tbX19fY2NjZ2dna2trb29vc3Nzd3d3e3t7f39/g4ODh4eHi4uLj4+Pk5OTl\n5eXm5ubn5+fo6Ojp6enq6urr6+vs7Ozt7e3u7u7v7+/w8PDx8fHy8vLz8/P09PT19fX29vb3\n9/f4+Pj5+fn6+vr7+/v8/Pz9/f3+/v7///+R99z1AAAACXBIWXMAABJ0AAASdAHeZh94AAAg\nAElEQVR4nO3dfYAcdX3H8QkoD4qi+CxqrVjUKtLDJ2ytkVouJjEBOYEkBmuKGMEnVLBUMRRR\nA42G0tD4QH0EUaSUlKARQT3kwrMhEBQhMcBiuITL4+7e/N19uBwc7OfmPtnfzM7Ovd9/bOZ2\nZu87v9MXN3u3dxfFRNR2UadPgKgIAYkoQEAiChCQiAIEJKIAAYkoQEAiChCQiALUBqSV0Vua\nGzuPjt7w8AQecGm0129GNqdGN+35YKLcFQDSrvdMzFENUvT6Xc1NIFGxah9SeeYEHdUhRWc3\nN4FExaptSJXZE3VUg/T3++17V2MTSFSs2oVUOW6Mow9EFzT+/UT0r3F867Gv2v/VH7x/dOel\n0YJzoiOH65tAomLVJqTq8WM/H62I/rbx719E6+Lr94le986Do1ds2r2zBql8WHRRfRNIVKza\ng1SdEz3tgSfeV37e3nVX/dHb4vjt0fdqd8yIluzeWYMU37j3szfEQKKi1RakN8+P9os+MebO\nD0bLa7cfjy6O4+c9rVLbvPnMK3fvq0OKPxZNj4FERastSFOiWbftt9fPx955dBwPv2K/wTh+\nS3TMb8c8oAFp6JXRZUCiotUWpGhWOb4gesXgE+6svGDfx+JfR8fWNgdeFkUvP+6SLaP7GpBq\nT6Ne8iiQqGC1Bek15dpnn7+PTnjivQuiH8SnRVfVN4e+MfO5UfTCa3fvakKKT4w+CCQqWO1/\nQ/b+A2t0Hu/n0XHDL3tReeSt4f7jo5ft3jUC6ZEXTFkFJCpWAV4i9K3ooA2P31t98bN/Hn2s\ntrH2iDn1tyvPi4ZGdo1Air8THfpWIFGhCvGi1ZnRUcOP3/3h6A3RrbV/tz997+tq/6za65Dd\ne3ZDit8dRUCiQhUCUulF0dcfv/u6KDqssfGFaMqb3/3GaK+f7N4zCumPBwCJilUISPEV0f5r\nRu+uvjT6anPjkre+aL9Djn38S+CjkOIlQKJixQ/2EQUISEQBAhJRgIBEFCAgEQUISEQBAhJR\ngIBEFCAgEQUISEQBAhJRgIBEFCAgEQUISEQB2nNIg4ntLCcf03Y7N6c/YwcLMcpmIVkMmcCM\nAJBKiZUncEzbVR5Jf8auLBZS/nP6M3bFGXy0sljIziwWsmtT8jFAcgKSE5CAJAKSE5CAJAKS\nE5CAJAKSE5CAJAKSE5CAJAKSE5CAJAKSE5CAJAKSE5CAJAKSE5CAJAKSE5CAJAKSE5CAJAKS\nE5CAJAKSE5CAJAKSE5CAJAKSE5CAJAKSE5CAJAKSE5CAJAKSE5CAJAKSE5CAJAKSE5CAJAKS\nE5CAJAKSE5CAJAKSE5CAJAKSE5CAJAKSE5CAJAKSE5CAJAKSE5CAJAKSE5CAJAKSU0Eg3fyh\ndx373cSjgOQEJKdiQFq5f1Tr1KTDgOQEJKdiQHpt1GhlwmFAcgKSUyEg3d50FJ2RcByQnIDk\nVAhIN49A+nTCcUByApJTISA9dHAT0o8SjgOSE5CcCgGp9P2Go1lJhwHJCUhOxYBUuupdrzzi\nnI1JRzmQHl184vvO+kMcV5bPn7N0F5BSCkhGXfkN2TMX3rb23L5N8bK5/QMnLQZSSgHJqBsh\nPdK7pvbZqO/qbbOvj+ObZgwCKZ2AZNSNkB7+Tu1ybsesq9b0DsVxedrq2l2/+OY3v/m9ocSq\ncfIxbVfdmv6MCgsxymYhWQzZlnjIYwakejvOnbflVzPqW30razdn9PT0TJ3QA4mKXGV0ayKQ\nhq+d9+nB+IaZ9e2+FbWb26+55ppfbEmsEicf03bVDGZkspDKYxnMiLMYksGMciYLGUo8ZLMD\nafAzH1g1HMdrerfVBE4b2H138vUjz5GceI5k1I3PkYZPO3tr/d+ts/rj+Lbpm4CUTkAy6kZI\nt0xbdUutUnzRgnX3Ljx/9P7kIUByApJRN0K6vLfRlXFl2bw5F/IN2bQCklE3QlIlDwGSE5CM\ngBQ8IBkByQlIoQOSE5CAJAKSE5CAJAKSE5CAJAKSE5CAJAKSE5CAJAKSE5CAJAKSE5CAJAKS\nE5CAJAKSE5CAJAKSE5CAJAKSE5CAJAKSE5CAJAKSE5CAJAKSE5CAJAKSE5CAJAKSE5CAJAKS\nE5CAJAKSE5CAJAKSE5CAJAKSE5CAJAKSE5CAJAKSE5CAJAKSE5CAJAKSE5CAJAKSE5CAJAKS\nE5CAJAKSE5CAJAKSE5CAJAKSE5CAJAKSE5CAJAKSE5CAJAKSE5CAJAKSE5CAJAKSE5CAJAKS\nE5CAJAKSE5CAJAKSE5CAJAKSE5CAJAKSE5CAJAKSE5CAJAKSE5CAJAKSE5CAJAKSE5CAJAKS\nE5CAJAKSE5CAJAKSE5CAJAKSE5CAJAKSE5CAJAKSE5CAJAKSE5CAJAKSE5CAJAKSE5CAJAKS\nE5CAJAKSE5CAJAKSE5CAJAKSE5CAJAKSE5CAJAKSE5CAJAKSE5CAJAKSE5CAJAKSE5CAJAKS\nE5CAJAKSE5CAJAKSE5CAJAKSE5CAJAKSE5CAJAKSE5CAJAKSE5CAJAKSE5CAJAKSE5CAJAKS\nE5CAJAKSE5CAJAKSE5CAJAKSE5CAJAKSE5C8tiVWncAxbTecwYxMFlLdnsGMoiykEmfx0Uqe\nMRQA0pbEKhM4pu2qj6U/I5OFVDJZSBZDMphRzmQhQ4mHbA4AKfnTHpd2TlzaGRXp0i55CJCc\ngGQEpOAByQhITkAKHZCcgAQkEZCcgAQkEZCcgAQkEZCcgAQkEZCcgAQkEZCcgAQkEZCcgAQk\nEZCcgAQkEZCcgAQkEZCcgAQkEZCcgAQkEZCcgAQkEZCcgAQkEZCcgAQkEZCcgAQkEZCcgAQk\nEZCcgAQkEZCcgAQkEZCcgAQkEZCcgAQkEZCcgAQkEZCcgAQkEZCcgAQkEZCcgAQkEZCcgAQk\nEZCcgAQkEZCcgAQkEZCcgAQkEZCcgAQkEZCcgAQkEZCcgAQkEZCcgAQkEZCcgAQkEZCc1EI2\n/nptsBlACh6QjDoJ6YvPiqI3XRdoBpCCBySjDkL696jewXeHmQGk4AHJqIOQDm5Ais4KMwNI\nwQOSUecgPdB0FB0fZgaQggcko85BeviAJqRTw8wAUvCAZNTBS7uTGo72+2WYGUAKHpCMOgjp\ngXfUHD3j64FmACl4QDLq6PeRfnrO128PNQNIwQOSEa9scAJS6IDkBCQgiYDkBCQgiYDkBCQg\niYDkBCQgiYDkBCQgiYDkBCQgiYDkBCQgiYDkBCQgiYDkBCQgiYDkBCQgiYDkBCQgiYDkBCQg\niYDkBCQgiYDkBCQgiYDkBCQgiYDkBCQgiYDkBCQgiYDkBCQgiYDkBCQgiYDkBCQgiYDkBCQg\niYDkBCQgiYDkBCQgiYDkBCQgiYDkBCQgiYDkBCQgiYDkBCQgiYDkBCQgiYDkBCQgiYDkBCQg\niYDkBCQgiYDkBCRZuW9L7faHvbWmAymlgGTUlZB23vql3jqkCz4/MDCwGkgpBSSjroR02bzj\nG5A+ecWYu5OHAMkJSEZdCSmO72lA6vvC3OM+v77+9oolS5ZcvC2xapx8TNsNZzAjk4VUt2cw\noygLqcRZfLSSZwztAaTNvWffcetn526tvX1GT0/P1Ik8kKjQVUa3Jg6p8shwHA+9d1Xt7XX9\n/f0Dg4lV4uRj2q66Of0Z5SwWUtmS/oxynMFHqzALKT+WfMweQGp28qW7t5KvH3mO5MRzJKNu\nfo504ym1m+2zfwOkdAKSUTdD2jrnrJvvPOuU0avC5CFAcgKSUTdDiu/73LEnLn509M7kIUBy\nApJRl0JqWfIQIDkByQhIwQOSEZCcgBQ6IDkBCUgiIDkBCUgiIDkBCUgiIDkBCUgiIDkBCUgi\nIDkBCUgiIDkBCUgiIDkBCUgiIDkBCUgiIDkBCUgiIDkBCUgiIDkBCUgiIDkBCUgiIDkBCUgi\nIDkBCUgiIDkBCUgiIDkBCUgiIDkBCUgiIDkBCUgiIDkBCUgiIDkBCUgiIDkBCUgiIDkBCUgi\nIDkBCUgiIDkBCUgiIDkBCUgiIDkBCUgiIDkBCUgiIDkBCUgiIDkBCUgiIDkBCUgiIDkBCUgi\nIDkBCUgiIDkBCUgiIDkBCUgiIDkBCUgiIDkBCUgiIDkBCUgiIDkBCUgiIDkBCUgiIDkBCUgi\nIDkBCUgiIDkBCUgiIDkBCUgiIDkBCUgiIDkBCUgiIDkBCUgiIDkBCUgiIDkBCUgiIDkBCUgi\nIDkBCUgiIDkBCUgiIDkBCUgiIDkBCUgiIDkBCUgiIDkBCUgiIDkBCUgiIDkBCUgiIDkBCUgi\nIDkBCUgiIDkBCUgiIDkBCUgiIDkBCUgiIDkBCUgiIDkBCUgiIDkBCUgiIDkBCUgiIDkBCUgi\nIDkBCUgiIDkBCUgiIDkBCUgiIDkBCUgiIDkBCUgiIDkBCUgiIDkByWt7YtUJHNN2wxnMyGQh\n1R0ZzCjOQrIYkjxjawBIWxKrTOCYtqs+lv6MTBZSyWQhWQzJYEY5k4UMJR6yOQCk5E97XNo5\ncWlnVKRLu+QhQHICkhGQggckIyA5ASl0QHICEpBEQHICEpBEQHICEpBEQHICEpBEQHICEpBE\nQHICEpBEQHICEpBEQHICEpBEQHICEpBEQHICEpBEQHICEpBEQHICEpBEQHICEpBEQHICEpBE\nQHICEpBEQHICEpBEQHICEpBEQHICEpBEQHICEpBEQHICEpBEQHICEpBEQHICEpBEQHICEpBE\nQHICEpBEQHICEpBEQHICEpBEQHICEpBEQHICEpBEQHICEpBEQHICEpBEQHICEpBEQHICEpBE\nQHICEpBEQHICEpBEQHICEpBEQHICEpBEQHICEpBEQHICEpBEQHICEpBEQHICEpBEQHICEpBE\nQHICEpBEuYR08/tfe/jH7vMeAyQnIIUuj5BWPyeq9YYN1oOA5ASk0OUR0tFRo7OsBwHJCUih\nyyOk5zchHWU9CEhOQApdHiG9qAnpH60HAckJSKHLI6RjmpDOsx4EJCcghS6PkNa8pO7oyAet\nBwHJCUihyyOk0j2nvf2oczd6jwGSE5BCl0tIexKQnIAUOiA5AQlIIiA5AQlIIiA5AQlIIiA5\nAQlIIiA5AQlIIiA5AQlIIiA5AQlIIiA5AQlIIiA5AQlIIiA5AQlIIiA5AQlIIiA5AQlIIiA5\nAQlIIiA5AQlIIiA5AQlIIiA5AQlIIiA5AQlIIiA5AQlIIiA5TXZIrx8TkJ4QkJwmO6S3PN6B\n0QQ+USUPAZITkIzyDGm0B0+IDvpPID0hIDkBqVF16XOmfKD05HuBlHpAMso/pN8eER12wwQY\nASl0QDLKO6RHT97rWYvLTzFT7ttSu60snz9n6S4gpRSQjHIO6dsvjI7d8BRGO2/9Um8d0rK5\n/QMnLQZSSgHJKNeQ7nh7dOg1La7hLpt3fB3SttnXx/FNMwaBlE5AMsozpE89ff+zd7ZwVOue\nOqQ1vUO1i7xpq2tvr1iyZMnF2xKrxsnHtN1wBjMyWUh1ewYzirKQSpzFRyt5xlALSNGYngrp\nVzPqm30razdn9PT0TG1tjmgSVRndelzMSWMac3gD0g0z65t9K2o36/r7+wcGE6vEyce0XXVz\n+jPKWSyksiX9GeU4g49WYRZSfiz5mBaQxmnk0m5bTeC0gd13Jl8/8hzJiedIRnl+jpQEaeus\n/ji+bfomIKUTkIy6GVJ80YJ19y48f/TO5CFAcgKSUVdDqiybN+dCviGbVkAy6lJILUseAiQn\nIBkBKXhAMgKSE5BCByQnIAFJBCQnIAFJBCQnIAFJBCQnIAFJBCQnIAFJBCQnIAFJBCQnIAFJ\nBCQnIAFJBCQnIAFJBCQnIAFJBCQnIAFJBCQnIAFJBCQnIAFJBCQnIAFJBCQnIAFJBCQnIAFJ\nBCQnIAFJBCQnIAFJBCQnIAFJBCQnIAFJBCQnIAFJBCQnIAFJBCQnIAFJBCQnIAFJBCQnIAFJ\nBCQnIAFJBCQnIAFJBCQnIAFJBCQnIAFJBCQnIAFJBCQnIAFJBCQnIAFJBCQnIAFJBCQnIAFJ\nBCQnIAFJBCQnIAFJBCQnIAFJBCQnIAFJBCQnIAFJBCQnIAFJBCQnIAFJBCQnIAFJBCQnIAFJ\nBCQnIAFJBCQnIAFJBCQnIAFJBCQnIAFJBCQnIAFJBCQnIAFJBCQnIAFJBCQnIAFJBCQnIAFJ\nBCQnIAFJBCQnIAFJBCQnIAFJBCQnIAFJBCQnIAFJBCQnIAFJBCQnIAFJBCQnIAFJBCQnIAFJ\nBCQnIAFJBCQnIAFJBCQnIAFJBCQnIAFJBCQnIAFJBCQnIAFJBCQnIAFJBCQnIAFJBCQnIAFJ\nBCQnIAFJBCQnIAFJBCQnIAFJBCQnIAFJBCQnIHltT6w6gWPabjiDGZkspLojgxnFWUgWQ5Jn\nbA0AaTCxygSOabvq5vRnlLNYSCWThWQwpLIl/RmZLKQ8gYUEgJT8aY9LOycu7YyKdGmXPARI\nTkAyAlLwgGQEJCcghQ5ITkACkghITkACkghITkACkghITkACkghITkACkghITkACkghITkAC\nkghITkACkghITkACkghITkACkghITkACkghITkACkghITkACkghITkACkghITkACkghITkAC\nkghITkACkghITkACkghITkACkghITkACkghITkACkghITkACkghITkACkghITkACkghITkAC\nkghITkACkghITkACkghITkACkghITkACkghITkACkghITkACkghITkACkghITkACkghITkAC\nkghITkACkghITkACkghITkACkghITkACkghITkACkghITkACkghITkACkghITkCa3JBuP/6Q\nV8+5s+UuIDkBaVJDuuvFUa2Xrm21D0hOQJrUkOZFjU5qtQ9ITkCa1JBe34T0xlb7gOQEpEkN\n6fAmpCNa7QOSE5AmNaSPNyGd3mofkJyANKkhrT+s7ujwDa32AckJSJMaUmnDoqOP/reWjoBk\nBaTJDWmcgOQEJCCJgOQEJCCJgOQEJCCJgOQEJCCJgOQEJCCJgOQEJCCJgOQEJCCJgOQEJCCJ\ngOQEJCCJgOQEJCCJgOQEJCCJgOQEJCCJgOQEJCCJgOQEJCCJgOQEJCCJgOQEJCCJgOQEJCCJ\ngOQEJCCJgOQEJCCJgOQEJCCJgOQEJCCJgOQEJCCJgOQEJCCJgOQEJCCJgOQEpIR+2FtrOpBS\nCkhGXQ3pgs8PDAysBlJKAcmoqyF98ooxbyYPAZITkIy6GlLfF+Ye9/n19a0fL1q06PztiVXj\n5GPabjiDGZkspLojgxnFWUgWQ5JnbN0DSJt7z77j1s/OrT/0jJ6enqkTF0hU0CqjWxOHVHlk\nOI6H3ruqtrnhd7/73dpHE6vEyce0XXUw/RnlLBZS2Zz+jHKcwUcri4XsymIh5eSFbNoDSM1O\nvnT3VvL1I8+RnHiOZNTNz5FuPGVLHG+f/RsgpROQjLoZ0tY5Z91851mnjF4VJg/JJ6SHBu5y\nZwDJCUgJ3fe5Y09c/Ojom8lDcgnpa8+PosOu8R4DJCcgeSUPySOkSxp/u/yg260HAckJSJMB\n0hsakKKF1oOA5ASkyQDpmU1I77YeBCQnIE0GSC9vQjrBehCQnIA0GSB9qgnpSutBQHIC0mSA\ntPHoGqN9vujNAJITkCYDpFLpqkWLB8yHAMkJSJMD0h4EJCcgAUkEJCcgAUkEJCcgAUkEJCcg\nAUkEJCcgAUkEJCcgAUkEJCcgAUkEJCcgFQnSw5d9cenvQs0AkhOQCgTp92+JouhZywPNAJIT\nkAoE6X2Nl6Y+47dhZgDJCUjFgbRhn+aLvM8IMwNITkAqDqS7mo6iBWFmAMkJSMWB9OBBTUhf\nCTMDSE5AKg6k0jkNR4fcF2YGkJyAVCBID3/umVF0ZH+gGUByAlKBIJVKG399d7AZQHICUqEg\nhQxITkACkghITkACkghITkACkghITkACkghITkACkghITkACkghITkACkghITkDqQkjXn3Dk\nzEtTnwIkJyB1H6QfNH5c4nNpjwGSE5C6DtLGFzdem7pPqNfUqYDkBKSug7Rq5MeOvpryHCA5\nAanrIF07Aum8lOcAyQlIXQdpw3ObkK5LeQ6QnIDUdZBKFzccfTjtMUByAlL3QSpdcdShRy59\nOO0pQHICUn4hbfjeeT/c2GrHQz+68Dv3h5oiA5ITkHIL6ZeH1C7gXnvjU3fccXhtx8uuDjRG\nBiQnIOUV0obXNJ4KvfGhp+z5u8aOg38fZo4MSE5Ayiuky0e+yr3iyTtWj+z4rzBzZEByAlJe\nIV084uWSJ++4emTHOWHmyIDkBKS8Qvq/ES83PHnHmr2aO74XZo4MSE5Ayiukh9/Z4NL71D1z\nGzt6Wn5BL2BAcgJSXiGV1k6LoinHrHvqjgfm7h1FU28NNEYGJCcg5RZSjdI197Tece+Na4IN\nkQHJCUg5hqTjJ2SNgOQEpNAByQlIQBIByQlIQBIByQlIQBIByQlIQBIByQlIQBIByQlIQBIB\nyQlIQBIByQlIQBIByQlIQBIByQlIQBIByQlIQBIByQlIQBIByQlIQBIByQlIQBIByQlI+YW0\n8Yql//PUX8bVCEhGQHIqHqTfvC6KosNXt9wHJCMgORUO0p9e3/gdJ29q+TkJSEZAciocpCtG\nfh3XylY7gWQEJKfCQVqmfkFkPSAZAcmpcJB2/0LVX7baCSQjIDkVDtJDRzYcvavlTiAZAcmp\ncJBKd06tOTp6bct9QDICklPxIJVKN1+hfp0qkIyA5FRESDogGQHJCUihA5ITkIAkApITkLx2\nJDY8gWPabjiDGdVMFrIz/RmZLKQ6iRayPQCkwcQqEzim7aqb059RzmIhlUwWksGQypb0Z2Sy\nkPIEFhIAUvKnPS7tnLi0MyrSpV3yECA5AckISMEDkhGQnAoI6denvOejN7XeBSQjIDkVD9I3\n9omiaL/Wf7scSEZAciocpHsObLxo9fn3t9oJJCMgORUO0iUjP0ZxeaudQDICklPhIC0fgfTd\nVjuBZAQkp8JBuqnp6Gl3ttoJJCMgORUOUmlhA9JnWu4DkhGQnIoH6cEv//UBh32t9S+2A5IR\nkJyKB2m8gGQEJCcghQ5ITkACkghITkACkghITkACkghITkACkghITkACkghITkACkghITkAC\nkghITkDKCNLd81+6/5t/ZC5KBiQjIDnlHNKf/qbxyrnL3GWJgGQEJKecQzq/+VruQ91liYBk\nBCSnnEOaN/LTRS1/3tUPSEZAcso5pJObjp6+0V1X64BkBCSnnEMa+Yuw73aXJQKSEZCccg6p\n9NG6o5e3/HHXPQhIRkByyjuk0k8WvO+cQM+QgGQFJKfcQwoakIyA5ASk0AHJCUhAEgHJCUhA\nEgHJCUhAEgHJCUhAEgHJCUhAEgHJCUhAEgHJCUhAEgHJCUhAEgHJCUhAEgHJCUhAEgHJCUhA\nEgHJCUhAEgHJCUhAEgHJCUhAEgHJCUhAEgHJCUhAEgHJCUhAEgHJCUhAEgHJCUhAEgHJCUhA\nEgHJCUhAEgHJCUhAEgHJCUhAEgHJCUhZQbr2k//0tQ3emnRAMgKSU94hnVH/3d+vWWuuSgUk\nIyA55RzS/zb/GsUMd1kiIBkBySnnkE5pQtrnQXddrQOSEZCccg5pLn+xr2VAMgJSqXRe09Gr\nzFWpgGQEJKecQ1r/ugak/3aXJQKSEZCccg6pdMfsZ+392m+bi5IByQhITnmB9McffHuN2LXe\nW9F4AckISE45gXT63lE0ZXqIBY0bkIyA5JQPSJc0v6awMMiSxglIRkByygekQ5uQnhlkSeME\nJCMgOeUD0kFNSHuFWNF4AckISE75gPTKJqT9gixpnIBkBCSnfED6chPSe4MsaZyAZAQkp3xA\nKs2sOzrsoRArGi8gGQHJKSeQSr/8+CmXB1hOQkAyApJTTiD97PlTphywPMSCxg1IRkByygek\nW6Y0niN9I8iSxglIRkByygekv+Srdl5AMppEkPYZ+bGjIEsaJyAZAckpH5D2BZIXkIwmEaQ3\nNh0dGGRJ4wQkIyA55QPS/U+vO5rysyBLGicgGQHJKR+QSvcfsf++r1odYkHjBiQjIDmlBamy\nfP6cpbsmDKm04ov/8v0Ay0kISEZAckoL0rK5/QMnLZ4wpH+uX9q9808hVjReQDICklNKkLbN\nvj6Ob5oxOEFI32p+seGTQZY0TkAyApJTSpDW9A7FcXna6trmjxctWnT+9vGb1YT0VwmHtd1w\n2gNqVeMshuzIYEZxFpLFkOQZW/cA0q9m1G/7VtZuzujp6ZmacPhRTUgvnPD7J+q6KqNbE4d0\nw8z6bd+K2s2f169f/6dN43dyE9LbEw5ru8qjaU/YtKkcpz8jo4VkMCSLhezKYiHlwcRD/rwH\nkNb0bqsJnDaw++2Ei8c7nld3tO/VQa5Wx4nnSEY8R3JK6TnS1ln9cXzb9E0ThFS67m17R6/7\nQYgFjRuQjIDklNaXvy9asO7eheePvpk8ZGhz+4tJDEhGQHJK7Ruyy+bNudD4hix/+tIKSEZd\nDelJJQ8BkhOQjIAUPCAZAckJSKEDkhOQgCQCkhOQgCQCkhOQgCQCkhOQgCQCkhOQgCQCkhOQ\ngCQCkhOQgCQCkhOQgCQCkhOQgCQCkhOQgCQCkhOQgCQCkhOQgCQCkhOQgCQCkhOQgCQCkhOQ\ngCQCkhOQgCQCkhOQgCQCkhOQgCQCkhOQgCQCkhOQgCQCkhOQgCQCkhOQgCQCkhOQgCQCkhOQ\ngCQCkhOQgCQCkhOQQrfgnSm+8yz7yDsqyQd1Q6e9Y0enTyFMp79jS6dP4UmlCemEN6X4zrNs\nfk9BIC3o2d7pUwjTR3o2d/oUnhSQJhCQ8haQujIg5a3JBelrn0nxnWfZf5xe7fQphGnZ6Ts7\nfQphWn76tk6fwpNKExLRpAlIRAECElGAgEQUoPQgVZbPn7N0V/Jxue/RxSe+76w/dPoswnTH\ntLx9I3OPWnnaMWeu7/RJjC09SMvm9g+ctDi1d59dZy68be25fZs6fRoh2s5UVBIAAAKSSURB\nVDq/twiQVs6+5tYzP5Svr6SmBmnb7Ovj+KYZg2m9/8x6pHdN7dNr39WdPo8QffljRYA0vODK\nOC6d+1Cnz2NMqUFa0zsUx+Vpq9N6/5n18Hdq16c7Zl3V6fMI0M8/dHsRIN3f++fh3P0HOjVI\nv5pRv+1bmdb7z7Qd584rwP8BH+y7+54iQLp5+mXH9M65odOnMbbUIN0ws37btyKt959hw9fO\n+3Tu/gvoV/3U9+NCQPpF76KHtv5wxv2dPo8xpXhpt6321GLaQFrvP7sGP/OBVcOdPokAXb7g\nj+tv6L2r+79qcktvfQ3zf9Lp8xhTapC2zuqP49umd///bMOnnb210+cQpAt7G13Q6fNou9K0\n2iejyvH5etaQ3pe/L1qw7t6F56f27jPrlmmrbqlVSj6yCyrEpV38pVNvuecrc/K1khS/Ibts\n3pwLC/AN2cub/yG/stPnEaRiQNq5dF7f2Rs6fRZj4yVCRAECElGAgEQUICARBQhIRAECElGA\ngEQUICARBQhIRAECElGAgNSdnRqtq/9TPSb6bKdPheoBqTsbgXRS9NFOnwk1AlJ31oT08eiD\nRfhJqSIEpO6sAens6P35+lU6kzggdWd1SEuiGeVOnweNBKTurAbpW1PeXJC/LVGEgNSdnRqd\nt/c+B9zX6dOg3QGpOzs1mjLrZ1Omdvo0aHdA6s5OjY7eFZ8SLev0edBIQOrOTo3ujuPHXvns\nfP1yt0kckLqz5veRrone1ekToWZA6s5GX9mwvMMnQs2A1J2NQBo8+MAHOn0qVA9I3dkIpPin\n0T90+EyoEZCIAgQkogABiShAQCIKEJCIAgQkogABiShAQCIKEJCIAgQkogABiShAQCIKEJCI\nAgQkogD9P3Lupchw5pWUAAAAAElFTkSuQmCC",
      "text/plain": [
       "plot without title"
      ]
     },
     "metadata": {
      "image/png": {
       "height": 420,
       "width": 420
      }
     },
     "output_type": "display_data"
    }
   ],
   "source": [
    "ggplot()+geom_point(data=df_arranged, aes(x=N..mg., y=K..mg.))+\n",
    "labs(title = \"K vs N\", x = \"K\", y = \"N\") "
   ]
  },
  {
   "cell_type": "code",
   "execution_count": 8,
   "id": "fc535d40",
   "metadata": {},
   "outputs": [
    {
     "data": {
